15 2158  -0.07000000000000001 1e-05 0  0 0 0   0.007586261015303908 0.09985522263569102 0  
15 2965  -0.06968000000000001 1e-05 0  0.00032 0 0   0.006780286085499326 -1.038925518873295 0  
15 2965  -0.06936 1e-05 0  0.0006400000000000001 0 0   0.006780286085499326 -1.038925518873295 0  
15 2965  -0.06904 1e-05 0  0.00096 0 0   0.006780286085499326 -1.038925518873295 0  
15 2965  -0.06872 1e-05 0  0.00128 0 0   0.006780286085499326 -1.038925518873295 0  
15 2965  -0.0684 1e-05 0  0.0016 0 0   0.006780286085499326 -1.038925518873295 0  
15 2965  -0.06808 1e-05 0  0.00192 0 0   0.006780286085499326 -1.038925518873295 0  
15 2965  -0.06776 1e-05 0  0.00224 0 0   0.006780286085499326 -1.038925518873295 0  
15 2965  -0.06744 1e-05 0  0.00256 0 0   0.006780286085499326 -1.038925518873295 0  
15 2965  -0.06712000000000001 1e-05 0  0.00288 0 0   0.006780286085499326 -1.038925518873295 0  
15 2965  -0.06680000000000001 1e-05 0  0.0032 0 0   0.006780286085499326 -1.038925518873295 0  
15 2965  -0.06648000000000001 1e-05 0  0.00352 0 0   0.006780286085499326 -1.038925518873295 0  
15 2965  -0.06616000000000001 1e-05 0  0.00384 0 0   0.006780286085499326 -1.038925518873295 0  
15 2965  -0.06584000000000001 1e-05 0  0.00416 0 0   0.006780286085499326 -1.038925518873295 0  
15 2965  -0.06552000000000001 1e-05 0  0.00448 0 0   0.006780286085499326 -1.038925518873295 0  
15 2965  -0.06520000000000001 1e-05 0  0.0048 0 0   0.006780286085499326 -1.038925518873295 0  
15 2965  -0.06488000000000001 1e-05 0  0.00512 0 0   0.006780286085499326 -1.038925518873295 0  
15 2965  -0.06456000000000001 1e-05 0  0.00544 0 0   0.006780286085499326 -1.038925518873295 0  
15 2965  -0.06424000000000001 1e-05 0  0.005759999999999999 0 0   0.006780286085499326 -1.038925518873295 0  
15 2962  -0.06392 1e-05 0  0.00608 0 0   0.001816264356941932 -1.027801623821399 0  
15 2962  -0.0636 1e-05 0  0.0064 0 0   0.001816264356941932 -1.027801623821399 0  
15 2962  -0.06328 1e-05 0  0.00672 0 0   0.001816264356941932 -1.027801623821399 0  
15 2962  -0.06296 1e-05 0  0.007039999999999999 0 0   0.001816264356941932 -1.027801623821399 0  
15 2962  -0.06264 1e-05 0  0.00736 0 0   0.001816264356941932 -1.027801623821399 0  
15 2962  -0.06232000000000001 1e-05 0  0.00768 0 0   0.001816264356941932 -1.027801623821399 0  
15 2962  -0.06200000000000001 1e-05 0  0.008 0 0   0.001816264356941932 -1.027801623821399 0  
15 2962  -0.06168000000000001 1e-05 0  0.008319999999999999 0 0   0.001816264356941932 -1.027801623821399 0  
15 2962  -0.06136 1e-05 0  0.00864 0 0   0.001816264356941932 -1.027801623821399 0  
15 2962  -0.06104 1e-05 0  0.008960000000000001 0 0   0.001816264356941932 -1.027801623821399 0  
15 2962  -0.06072000000000001 1e-05 0  0.00928 0 0   0.001816264356941932 -1.027801623821399 0  
15 2962  -0.06040000000000001 1e-05 0  0.009599999999999999 0 0   0.001816264356941932 -1.027801623821399 0  
15 2962  -0.06008000000000001 1e-05 0  0.00992 0 0   0.001816264356941932 -1.027801623821399 0  
15 2962  -0.05976000000000001 1e-05 0  0.01024 0 0   0.001816264356941932 -1.027801623821399 0  
15 2962  -0.05944000000000001 1e-05 0  0.01056 0 0   0.001816264356941932 -1.027801623821399 0  
15 2962  -0.05912000000000001 1e-05 0  0.01088 0 0   0.001816264356941932 -1.027801623821399 0  
15 2962  -0.05880000000000001 1e-05 0  0.0112 0 0   0.001816264356941932 -1.027801623821399 0  
15 2962  -0.05848 1e-05 0  0.01152 0 0   0.001816264356941932 -1.027801623821399 0  
15 2962  -0.05816 1e-05 0  0.01184 0 0   0.001816264356941932 -1.027801623821399 0  
15 2943  -0.05784 1e-05 0  0.01216 0 0   0.001053472013680778 -1.02427053781433 0  
15 2943  -0.05752000000000001 1e-05 0  0.01248 0 0   0.001053472013680778 -1.02427053781433 0  
15 2943  -0.05720000000000001 1e-05 0  0.0128 0 0   0.001053472013680778 -1.02427053781433 0  
15 2943  -0.05688000000000001 1e-05 0  0.01312 0 0   0.001053472013680778 -1.02427053781433 0  
15 2943  -0.05656000000000001 1e-05 0  0.01344 0 0   0.001053472013680778 -1.02427053781433 0  
15 2943  -0.05624000000000001 1e-05 0  0.01376 0 0   0.001053472013680778 -1.02427053781433 0  
15 2943  -0.05592000000000001 1e-05 0  0.01408 0 0   0.001053472013680778 -1.02427053781433 0  
15 2943  -0.05560000000000001 1e-05 0  0.0144 0 0   0.001053472013680778 -1.02427053781433 0  
15 2943  -0.05528000000000001 1e-05 0  0.01472 0 0   0.001053472013680778 -1.02427053781433 0  
15 2943  -0.05496000000000001 1e-05 0  0.01504 0 0   0.001053472013680778 -1.02427053781433 0  
15 2943  -0.05464000000000001 1e-05 0  0.01536 0 0   0.001053472013680778 -1.02427053781433 0  
15 2943  -0.05432000000000001 1e-05 0  0.01568 0 0   0.001053472013680778 -1.02427053781433 0  
15 2943  -0.05400000000000001 1e-05 0  0.016 0 0   0.001053472013680778 -1.02427053781433 0  
15 2943  -0.05368000000000001 1e-05 0  0.01632 0 0   0.001053472013680778 -1.02427053781433 0  
15 2943  -0.05336 1e-05 0  0.01664 0 0   0.001053472013680778 -1.02427053781433 0  
15 2943  -0.05304 1e-05 0  0.01696 0 0   0.001053472013680778 -1.02427053781433 0  
15 2943  -0.05272 1e-05 0  0.01728 0 0   0.001053472013680778 -1.02427053781433 0  
15 2943  -0.0524 1e-05 0  0.0176 0 0   0.001053472013680778 -1.02427053781433 0  
15 2943  -0.05208 1e-05 0  0.01792 0 0   0.001053472013680778 -1.02427053781433 0  
15 2961  -0.05176 1e-05 0  0.01824 0 0   -0.002549081136830722 -1.027411735301003 0  
15 2961  -0.05144000000000001 1e-05 0  0.01856 0 0   -0.002549081136830722 -1.027411735301003 0  
15 2961  -0.05112000000000001 1e-05 0  0.01888 0 0   -0.002549081136830722 -1.027411735301003 0  
15 2961  -0.05080000000000001 1e-05 0  0.0192 0 0   -0.002549081136830722 -1.027411735301003 0  
15 2961  -0.05048000000000001 1e-05 0  0.01952 0 0   -0.002549081136830722 -1.027411735301003 0  
15 2961  -0.05016000000000001 1e-05 0  0.01984 0 0   -0.002549081136830722 -1.027411735301003 0  
15 2961  -0.04984000000000001 1e-05 0  0.02016 0 0   -0.002549081136830722 -1.027411735301003 0  
15 2961  -0.04952000000000001 1e-05 0  0.02048 0 0   -0.002549081136830722 -1.027411735301003 0  
15 2961  -0.04920000000000001 1e-05 0  0.0208 0 0   -0.002549081136830722 -1.027411735301003 0  
15 2961  -0.04888000000000001 1e-05 0  0.02112 0 0   -0.002549081136830722 -1.027411735301003 0  
15 2961  -0.04856000000000001 1e-05 0  0.02144 0 0   -0.002549081136830722 -1.027411735301003 0  
15 2961  -0.04824000000000001 1e-05 0  0.02176 0 0   -0.002549081136830722 -1.027411735301003 0  
15 2961  -0.04792 1e-05 0  0.02208 0 0   -0.002549081136830722 -1.027411735301003 0  
15 2961  -0.0476 1e-05 0  0.0224 0 0   -0.002549081136830722 -1.027411735301003 0  
15 2961  -0.04728000000000001 1e-05 0  0.02272 0 0   -0.002549081136830722 -1.027411735301003 0  
15 2961  -0.04696000000000001 1e-05 0  0.02304 0 0   -0.002549081136830722 -1.027411735301003 0  
15 2961  -0.04664000000000001 1e-05 0  0.02336 0 0   -0.002549081136830722 -1.027411735301003 0  
15 2961  -0.04632000000000001 1e-05 0  0.02368 0 0   -0.002549081136830722 -1.027411735301003 0  
15 2951  -0.04600000000000001 1e-05 0  0.024 0 0   -0.001989083780432166 -1.0281260140715 0  
15 2963  -0.04568000000000001 1e-05 0  0.02432 0 0   -0.005934912017964145 -1.037569925673255 0  
15 2963  -0.04536000000000001 1e-05 0  0.02464 0 0   -0.005934912017964145 -1.037569925673255 0  
15 2963  -0.04504000000000001 1e-05 0  0.02496 0 0   -0.005934912017964145 -1.037569925673255 0  
15 2963  -0.04472000000000001 1e-05 0  0.02528 0 0   -0.005934912017964145 -1.037569925673255 0  
15 2963  -0.04440000000000001 1e-05 0  0.0256 0 0   -0.005934912017964145 -1.037569925673255 0  
15 2963  -0.04408000000000001 1e-05 0  0.02592 0 0   -0.005934912017964145 -1.037569925673255 0  
15 2963  -0.04376000000000001 1e-05 0  0.02624 0 0   -0.005934912017964145 -1.037569925673255 0  
15 2963  -0.04344000000000001 1e-05 0  0.02656 0 0   -0.005934912017964145 -1.037569925673255 0  
15 2963  -0.04312000000000001 1e-05 0  0.02688 0 0   -0.005934912017964145 -1.037569925673255 0  
15 2963  -0.0428 1e-05 0  0.0272 0 0   -0.005934912017964145 -1.037569925673255 0  
15 2963  -0.04248 1e-05 0  0.02752 0 0   -0.005934912017964145 -1.037569925673255 0  
15 2963  -0.04216 1e-05 0  0.02784 0 0   -0.005934912017964145 -1.037569925673255 0  
15 2963  -0.04184000000000001 1e-05 0  0.02816 0 0   -0.005934912017964145 -1.037569925673255 0  
15 2963  -0.04152000000000001 1e-05 0  0.02848 0 0   -0.005934912017964145 -1.037569925673255 0  
15 2963  -0.04120000000000001 1e-05 0  0.0288 0 0   -0.005934912017964145 -1.037569925673255 0  
15 2963  -0.04088000000000001 1e-05 0  0.02912 0 0   -0.005934912017964145 -1.037569925673255 0  
15 2963  -0.04056000000000001 1e-05 0  0.02944 0 0   -0.005934912017964145 -1.037569925673255 0  
15 2963  -0.04024 1e-05 0  0.02976 0 0   -0.005934912017964145 -1.037569925673255 0  
15 3216  -0.03992000000000001 1e-05 0  0.03008 0 0   -0.008929743987249772 0.1020867702482278 0  
15 3216  -0.03960000000000001 1e-05 0  0.0304 0 0   -0.008929743987249772 0.1020867702482278 0  
15 3216  -0.03928000000000001 1e-05 0  0.03072 0 0   -0.008929743987249772 0.1020867702482278 0  
15 3216  -0.03896000000000001 1e-05 0  0.03104 0 0   -0.008929743987249772 0.1020867702482278 0  
15 3216  -0.03864000000000001 1e-05 0  0.03136 0 0   -0.008929743987249772 0.1020867702482278 0  
15 3216  -0.03832000000000001 1e-05 0  0.03168 0 0   -0.008929743987249772 0.1020867702482278 0  
15 3216  -0.03800000000000001 1e-05 0  0.032 0 0   -0.008929743987249772 0.1020867702482278 0  
15 3216  -0.03768000000000001 1e-05 0  0.03232 0 0   -0.008929743987249772 0.1020867702482278 0  
15 3216  -0.03736000000000001 1e-05 0  0.03264 0 0   -0.008929743987249772 0.1020867702482278 0  
15 3216  -0.03704000000000001 1e-05 0  0.03296 0 0   -0.008929743987249772 0.1020867702482278 0  
15 3216  -0.03672000000000001 1e-05 0  0.03328 0 0   -0.008929743987249772 0.1020867702482278 0  
15 3216  -0.03640000000000001 1e-05 0  0.0336 0 0   -0.008929743987249772 0.1020867702482278 0  
15 3216  -0.03608000000000001 1e-05 0  0.03392 0 0   -0.008929743987249772 0.1020867702482278 0  
15 3216  -0.03576000000000001 1e-05 0  0.03424 0 0   -0.008929743987249772 0.1020867702482278 0  
15 3216  -0.03544000000000001 1e-05 0  0.03456 0 0   -0.008929743987249772 0.1020867702482278 0  
15 3216  -0.03512000000000001 1e-05 0  0.03488 0 0   -0.008929743987249772 0.1020867702482278 0  
15 3216  -0.0348 1e-05 0  0.0352 0 0   -0.008929743987249772 0.1020867702482278 0  
15 3216  -0.03448 1e-05 0  0.03552 0 0   -0.008929743987249772 0.1020867702482278 0  
15 3166  -0.03416 1e-05 0  0.03584 0 0   -0.008383866167549492 0.08429626193186035 0  
15 3166  -0.03384 1e-05 0  0.03616 0 0   -0.008383866167549492 0.08429626193186035 0  
15 3166  -0.03352 1e-05 0  0.03648000000000001 0 0   -0.008383866167549492 0.08429626193186035 0  
15 3166  -0.03320000000000001 1e-05 0  0.0368 0 0   -0.008383866167549492 0.08429626193186035 0  
15 3166  -0.03288000000000001 1e-05 0  0.03712 0 0   -0.008383866167549492 0.08429626193186035 0  
15 3166  -0.03256000000000001 1e-05 0  0.03744 0 0   -0.008383866167549492 0.08429626193186035 0  
15 3166  -0.03224 1e-05 0  0.03776 0 0   -0.008383866167549492 0.08429626193186035 0  
15 3166  -0.03192000000000001 1e-05 0  0.03808 0 0   -0.008383866167549492 0.08429626193186035 0  
15 3166  -0.03160000000000001 1e-05 0  0.0384 0 0   -0.008383866167549492 0.08429626193186035 0  
15 3166  -0.03128000000000001 1e-05 0  0.03872 0 0   -0.008383866167549492 0.08429626193186035 0  
15 3166  -0.03096000000000001 1e-05 0  0.03904 0 0   -0.008383866167549492 0.08429626193186035 0  
15 3166  -0.03064000000000001 1e-05 0  0.03936 0 0   -0.008383866167549492 0.08429626193186035 0  
15 3166  -0.03032000000000001 1e-05 0  0.03968 0 0   -0.008383866167549492 0.08429626193186035 0  
15 3166  -0.03000000000000001 1e-05 0  0.04 0 0   -0.008383866167549492 0.08429626193186035 0  
15 3166  -0.02968 1e-05 0  0.04032 0 0   -0.008383866167549492 0.08429626193186035 0  
15 3166  -0.02936 1e-05 0  0.04064 0 0   -0.008383866167549492 0.08429626193186035 0  
15 3166  -0.02904 1e-05 0  0.04096 0 0   -0.008383866167549492 0.08429626193186035 0  
15 3166  -0.02872 1e-05 0  0.04128 0 0   -0.008383866167549492 0.08429626193186035 0  
15 3040  -0.0284 1e-05 0  0.04160000000000001 0 0   -0.006718094961334131 0.07056569569615423 0  
15 3040  -0.02808 1e-05 0  0.04192000000000001 0 0   -0.006718094961334131 0.07056569569615423 0  
15 3040  -0.02776000000000001 1e-05 0  0.04224 0 0   -0.006718094961334131 0.07056569569615423 0  
15 3040  -0.02744000000000001 1e-05 0  0.04256 0 0   -0.006718094961334131 0.07056569569615423 0  
15 3040  -0.02712000000000001 1e-05 0  0.04288 0 0   -0.006718094961334131 0.07056569569615423 0  
15 3040  -0.0268 1e-05 0  0.0432 0 0   -0.006718094961334131 0.07056569569615423 0  
15 3040  -0.02648 1e-05 0  0.04352 0 0   -0.006718094961334131 0.07056569569615423 0  
15 3040  -0.02616 1e-05 0  0.04384 0 0   -0.006718094961334131 0.07056569569615423 0  
15 3040  -0.02584 1e-05 0  0.04416 0 0   -0.006718094961334131 0.07056569569615423 0  
15 3040  -0.02552 1e-05 0  0.04448000000000001 0 0   -0.006718094961334131 0.07056569569615423 0  
15 3040  -0.0252 1e-05 0  0.04480000000000001 0 0   -0.006718094961334131 0.07056569569615423 0  
15 3040  -0.02488000000000001 1e-05 0  0.04511999999999999 0 0   -0.006718094961334131 0.07056569569615423 0  
15 3040  -0.02456000000000001 1e-05 0  0.04543999999999999 0 0   -0.006718094961334131 0.07056569569615423 0  
15 3040  -0.02424000000000001 1e-05 0  0.04576 0 0   -0.006718094961334131 0.07056569569615423 0  
15 3040  -0.02392000000000001 1e-05 0  0.04608 0 0   -0.006718094961334131 0.07056569569615423 0  
15 3040  -0.02360000000000001 1e-05 0  0.0464 0 0   -0.006718094961334131 0.07056569569615423 0  
15 3040  -0.02328000000000001 1e-05 0  0.04672 0 0   -0.006718094961334131 0.07056569569615423 0  
15 3040  -0.02296000000000001 1e-05 0  0.04704 0 0   -0.006718094961334131 0.07056569569615423 0  
15 3240  -0.02264000000000001 1e-05 0  0.04736 0 0   -0.004012358265112148 0.06114815050484967 0  
15 3240  -0.02232000000000001 1e-05 0  0.04768 0 0   -0.004012358265112148 0.06114815050484967 0  
15 3240  -0.02200000000000001 1e-05 0  0.048 0 0   -0.004012358265112148 0.06114815050484967 0  
15 3240  -0.02168 1e-05 0  0.04832 0 0   -0.004012358265112148 0.06114815050484967 0  
15 3240  -0.02136 1e-05 0  0.04864 0 0   -0.004012358265112148 0.06114815050484967 0  
15 3240  -0.02104 1e-05 0  0.04896 0 0   -0.004012358265112148 0.06114815050484967 0  
15 3240  -0.02072000000000001 1e-05 0  0.04928 0 0   -0.004012358265112148 0.06114815050484967 0  
15 3240  -0.02040000000000001 1e-05 0  0.0496 0 0   -0.004012358265112148 0.06114815050484967 0  
15 3240  -0.02008000000000001 1e-05 0  0.04992 0 0   -0.004012358265112148 0.06114815050484967 0  
15 3240  -0.01976000000000001 1e-05 0  0.05024 0 0   -0.004012358265112148 0.06114815050484967 0  
15 3240  -0.01944000000000001 1e-05 0  0.05056 0 0   -0.004012358265112148 0.06114815050484967 0  
15 3240  -0.01912000000000001 1e-05 0  0.05088 0 0   -0.004012358265112148 0.06114815050484967 0  
15 3240  -0.0188 1e-05 0  0.0512 0 0   -0.004012358265112148 0.06114815050484967 0  
15 3240  -0.01848 1e-05 0  0.05152 0 0   -0.004012358265112148 0.06114815050484967 0  
15 3240  -0.01816 1e-05 0  0.05184 0 0   -0.004012358265112148 0.06114815050484967 0  
15 3240  -0.01784 1e-05 0  0.05216 0 0   -0.004012358265112148 0.06114815050484967 0  
15 3240  -0.01752 1e-05 0  0.05248000000000001 0 0   -0.004012358265112148 0.06114815050484967 0  
15 3240  -0.0172 1e-05 0  0.05280000000000001 0 0   -0.004012358265112148 0.06114815050484967 0  
15 3248  -0.01688000000000001 1e-05 0  0.05312 0 0   -0.002364079331747426 0.05462501295885058 0  
15 3248  -0.01656000000000001 1e-05 0  0.05344 0 0   -0.002364079331747426 0.05462501295885058 0  
15 3248  -0.01624 1e-05 0  0.05376 0 0   -0.002364079331747426 0.05462501295885058 0  
15 3248  -0.01592 1e-05 0  0.05408 0 0   -0.002364079331747426 0.05462501295885058 0  
15 3248  -0.0156 1e-05 0  0.0544 0 0   -0.002364079331747426 0.05462501295885058 0  
15 3248  -0.01528 1e-05 0  0.05472 0 0   -0.002364079331747426 0.05462501295885058 0  
15 3248  -0.01496000000000001 1e-05 0  0.05504 0 0   -0.002364079331747426 0.05462501295885058 0  
15 3248  -0.01464000000000001 1e-05 0  0.05536 0 0   -0.002364079331747426 0.05462501295885058 0  
15 3248  -0.01432000000000001 1e-05 0  0.05568 0 0   -0.002364079331747426 0.05462501295885058 0  
15 3248  -0.01400000000000001 1e-05 0  0.05599999999999999 0 0   -0.002364079331747426 0.05462501295885058 0  
15 3248  -0.01368000000000001 1e-05 0  0.05632 0 0   -0.002364079331747426 0.05462501295885058 0  
15 3248  -0.01336000000000001 1e-05 0  0.05664 0 0   -0.002364079331747426 0.05462501295885058 0  
15 3248  -0.01304000000000001 1e-05 0  0.05696 0 0   -0.002364079331747426 0.05462501295885058 0  
15 3248  -0.01272000000000001 1e-05 0  0.05728 0 0   -0.002364079331747426 0.05462501295885058 0  
15 3248  -0.01240000000000001 1e-05 0  0.0576 0 0   -0.002364079331747426 0.05462501295885058 0  
15 3248  -0.01208000000000001 1e-05 0  0.05792 0 0   -0.002364079331747426 0.05462501295885058 0  
15 3248  -0.01176000000000001 1e-05 0  0.05824 0 0   -0.002364079331747426 0.05462501295885058 0  
15 3151  -0.01144000000000001 1e-05 0  0.05856 0 0   -0.003054308719882659 0.05522014615047954 0  
15 3281  -0.01112 1e-05 0  0.05888 0 0   -0.001882182805926114 0.05104181735225666 0  
15 3281  -0.0108 1e-05 0  0.0592 0 0   -0.001882182805926114 0.05104181735225666 0  
15 3281  -0.01048 1e-05 0  0.05952 0 0   -0.001882182805926114 0.05104181735225666 0  
15 3281  -0.01016 1e-05 0  0.05984 0 0   -0.001882182805926114 0.05104181735225666 0  
15 3281  -0.009840000000000008 1e-05 0  0.06016 0 0   -0.001882182805926114 0.05104181735225666 0  
15 3281  -0.009520000000000008 1e-05 0  0.06048 0 0   -0.001882182805926114 0.05104181735225666 0  
15 3281  -0.009200000000000007 1e-05 0  0.0608 0 0   -0.001882182805926114 0.05104181735225666 0  
15 3281  -0.008880000000000006 1e-05 0  0.06112 0 0   -0.001882182805926114 0.05104181735225666 0  
15 3281  -0.008560000000000005 1e-05 0  0.06144 0 0   -0.001882182805926114 0.05104181735225666 0  
15 3281  -0.008240000000000004 1e-05 0  0.06176 0 0   -0.001882182805926114 0.05104181735225666 0  
15 3281  -0.007920000000000003 1e-05 0  0.06208 0 0   -0.001882182805926114 0.05104181735225666 0  
15 3281  -0.007600000000000003 1e-05 0  0.0624 0 0   -0.001882182805926114 0.05104181735225666 0  
15 3281  -0.007280000000000009 1e-05 0  0.06272 0 0   -0.001882182805926114 0.05104181735225666 0  
15 3281  -0.006960000000000008 1e-05 0  0.06304 0 0   -0.001882182805926114 0.05104181735225666 0  
15 3281  -0.006640000000000007 1e-05 0  0.06336 0 0   -0.001882182805926114 0.05104181735225666 0  
15 3281  -0.006320000000000006 1e-05 0  0.06368 0 0   -0.001882182805926114 0.05104181735225666 0  
15 3281  -0.006000000000000005 1e-05 0  0.064 0 0   -0.001882182805926114 0.05104181735225666 0  
15 3280  -0.005680000000000004 1e-05 0  0.06432 0 0   -0.0006815757633775732 0.04874364836605771 0  
15 3280  -0.005360000000000004 1e-05 0  0.06464 0 0   -0.0006815757633775732 0.04874364836605771 0  
15 3280  -0.005040000000000003 1e-05 0  0.06496 0 0   -0.0006815757633775732 0.04874364836605771 0  
15 3280  -0.004720000000000016 1e-05 0  0.06527999999999999 0 0   -0.0006815757633775732 0.04874364836605771 0  
15 3280  -0.004400000000000015 1e-05 0  0.06559999999999999 0 0   -0.0006815757633775732 0.04874364836605771 0  
15 3280  -0.004080000000000014 1e-05 0  0.06591999999999999 0 0   -0.0006815757633775732 0.04874364836605771 0  
15 3280  -0.003760000000000013 1e-05 0  0.06623999999999999 0 0   -0.0006815757633775732 0.04874364836605771 0  
15 3280  -0.003440000000000012 1e-05 0  0.06655999999999999 0 0   -0.0006815757633775732 0.04874364836605771 0  
15 3280  -0.003120000000000012 1e-05 0  0.06688 0 0   -0.0006815757633775732 0.04874364836605771 0  
15 3280  -0.002800000000000011 1e-05 0  0.0672 0 0   -0.0006815757633775732 0.04874364836605771 0  
15 3280  -0.00248000000000001 1e-05 0  0.06752 0 0   -0.0006815757633775732 0.04874364836605771 0  
15 3280  -0.002160000000000009 1e-05 0  0.06784 0 0   -0.0006815757633775732 0.04874364836605771 0  
15 3280  -0.001840000000000008 1e-05 0  0.06816 0 0   -0.0006815757633775732 0.04874364836605771 0  
15 3280  -0.001520000000000007 1e-05 0  0.06848 0 0   -0.0006815757633775732 0.04874364836605771 0  
15 3280  -0.001200000000000007 1e-05 0  0.0688 0 0   -0.0006815757633775732 0.04874364836605771 0  
15 3280  -0.0008800000000000058 1e-05 0  0.06912 0 0   -0.0006815757633775732 0.04874364836605771 0  
15 3280  -0.0005600000000000049 1e-05 0  0.06944 0 0   -0.0006815757633775732 0.04874364836605771 0  
15 3280  -0.0002400000000000041 1e-05 0  0.06976 0 0   -0.0006815757633775732 0.04874364836605771 0  
15 3171  7.999999999999674e-05 1e-05 0  0.07008 0 0   -4.793148354220733e-05 0.04791309438800972 0  
15 3171  0.0003999999999999976 1e-05 0  0.0704 0 0   -4.793148354220733e-05 0.04791309438800972 0  
15 3171  0.0007199999999999984 1e-05 0  0.07072000000000001 0 0   -4.793148354220733e-05 0.04791309438800972 0  
15 3171  0.001039999999999999 1e-05 0  0.07104000000000001 0 0   -4.793148354220733e-05 0.04791309438800972 0  
15 3171  0.00136 1e-05 0  0.07136000000000001 0 0   -4.793148354220733e-05 0.04791309438800972 0  
15 3171  0.001680000000000001 1e-05 0  0.07168000000000001 0 0   -4.793148354220733e-05 0.04791309438800972 0  
15 3171  0.002000000000000002 1e-05 0  0.07200000000000001 0 0   -4.793148354220733e-05 0.04791309438800972 0  
15 3171  0.002320000000000003 1e-05 0  0.07232000000000001 0 0   -4.793148354220733e-05 0.04791309438800972 0  
15 3171  0.002640000000000003 1e-05 0  0.07264000000000001 0 0   -4.793148354220733e-05 0.04791309438800972 0  
15 3171  0.002960000000000004 1e-05 0  0.07296000000000001 0 0   -4.793148354220733e-05 0.04791309438800972 0  
15 3171  0.003279999999999991 1e-05 0  0.07328 0 0   -4.793148354220733e-05 0.04791309438800972 0  
15 3171  0.003599999999999992 1e-05 0  0.0736 0 0   -4.793148354220733e-05 0.04791309438800972 0  
15 3171  0.003919999999999993 1e-05 0  0.07392 0 0   -4.793148354220733e-05 0.04791309438800972 0  
15 3171  0.004239999999999994 1e-05 0  0.07424 0 0   -4.793148354220733e-05 0.04791309438800972 0  
15 3171  0.004559999999999995 1e-05 0  0.07456 0 0   -4.793148354220733e-05 0.04791309438800972 0  
15 3171  0.004879999999999995 1e-05 0  0.07488 0 0   -4.793148354220733e-05 0.04791309438800972 0  
15 3171  0.005199999999999996 1e-05 0  0.0752 0 0   -4.793148354220733e-05 0.04791309438800972 0  
15 3171  0.005519999999999997 1e-05 0  0.07552 0 0   -4.793148354220733e-05 0.04791309438800972 0  
15 3080  0.005839999999999998 1e-05 0  0.07584 0 0   0.0007261112965402106 0.04839539797015746 0  
15 3080  0.006159999999999985 1e-05 0  0.07615999999999999 0 0   0.0007261112965402106 0.04839539797015746 0  
15 3080  0.006479999999999986 1e-05 0  0.07647999999999999 0 0   0.0007261112965402106 0.04839539797015746 0  
15 3080  0.006799999999999987 1e-05 0  0.07679999999999999 0 0   0.0007261112965402106 0.04839539797015746 0  
15 3080  0.007119999999999987 1e-05 0  0.07711999999999999 0 0   0.0007261112965402106 0.04839539797015746 0  
15 3080  0.007439999999999988 1e-05 0  0.07743999999999999 0 0   0.0007261112965402106 0.04839539797015746 0  
15 3080  0.007759999999999989 1e-05 0  0.07776 0 0   0.0007261112965402106 0.04839539797015746 0  
15 3080  0.00807999999999999 1e-05 0  0.07808 0 0   0.0007261112965402106 0.04839539797015746 0  
15 3080  0.008399999999999991 1e-05 0  0.0784 0 0   0.0007261112965402106 0.04839539797015746 0  
15 3080  0.008719999999999992 1e-05 0  0.07872 0 0   0.0007261112965402106 0.04839539797015746 0  
15 3080  0.009039999999999992 1e-05 0  0.07904 0 0   0.0007261112965402106 0.04839539797015746 0  
15 3080  0.009359999999999993 1e-05 0  0.07936 0 0   0.0007261112965402106 0.04839539797015746 0  
15 3080  0.009679999999999994 1e-05 0  0.07968 0 0   0.0007261112965402106 0.04839539797015746 0  
15 3080  0.009999999999999995 1e-05 0  0.08 0 0   0.0007261112965402106 0.04839539797015746 0  
15 3080  0.01032 1e-05 0  0.08032 0 0   0.0007261112965402106 0.04839539797015746 0  
15 3080  0.01064 1e-05 0  0.08064 0 0   0.0007261112965402106 0.04839539797015746 0  
15 3080  0.01096 1e-05 0  0.08096 0 0   0.0007261112965402106 0.04839539797015746 0  
15 3282  0.01128 1e-05 0  0.08128000000000001 0 0   0.001335353004039419 0.05061420473690603 0  
15 3282  0.0116 1e-05 0  0.08160000000000001 0 0   0.001335353004039419 0.05061420473690603 0  
15 3282  0.01192 1e-05 0  0.08192000000000001 0 0   0.001335353004039419 0.05061420473690603 0  
15 3282  0.01224 1e-05 0  0.08224000000000001 0 0   0.001335353004039419 0.05061420473690603 0  
15 3282  0.01256 1e-05 0  0.08256000000000001 0 0   0.001335353004039419 0.05061420473690603 0  
15 3282  0.01288 1e-05 0  0.08288000000000001 0 0   0.001335353004039419 0.05061420473690603 0  
15 3282  0.0132 1e-05 0  0.08320000000000001 0 0   0.001335353004039419 0.05061420473690603 0  
15 3282  0.01352 1e-05 0  0.08352000000000001 0 0   0.001335353004039419 0.05061420473690603 0  
15 3282  0.01384000000000001 1e-05 0  0.08384000000000001 0 0   0.001335353004039419 0.05061420473690603 0  
15 3282  0.01415999999999999 1e-05 0  0.08416 0 0   0.001335353004039419 0.05061420473690603 0  
15 3282  0.01447999999999999 1e-05 0  0.08448 0 0   0.001335353004039419 0.05061420473690603 0  
15 3282  0.01479999999999999 1e-05 0  0.0848 0 0   0.001335353004039419 0.05061420473690603 0  
15 3282  0.01511999999999999 1e-05 0  0.08512 0 0   0.001335353004039419 0.05061420473690603 0  
15 3282  0.01544 1e-05 0  0.08544 0 0   0.001335353004039419 0.05061420473690603 0  
15 3282  0.01576 1e-05 0  0.08576 0 0   0.001335353004039419 0.05061420473690603 0  
15 3157  0.01608 1e-05 0  0.08608 0 0   0.002416311842631913 0.05481027140229155 0  
15 3157  0.0164 1e-05 0  0.0864 0 0   0.002416311842631913 0.05481027140229155 0  
15 3157  0.01672 1e-05 0  0.08672000000000001 0 0   0.002416311842631913 0.05481027140229155 0  
15 3157  0.01704 1e-05 0  0.08704000000000001 0 0   0.002416311842631913 0.05481027140229155 0  
15 3157  0.01736 1e-05 0  0.08736000000000001 0 0   0.002416311842631913 0.05481027140229155 0  
15 3157  0.01768 1e-05 0  0.08768000000000001 0 0   0.002416311842631913 0.05481027140229155 0  
15 3157  0.018 1e-05 0  0.08800000000000001 0 0   0.002416311842631913 0.05481027140229155 0  
15 3157  0.01832 1e-05 0  0.08832000000000001 0 0   0.002416311842631913 0.05481027140229155 0  
15 3157  0.01864 1e-05 0  0.08864000000000001 0 0   0.002416311842631913 0.05481027140229155 0  
15 3157  0.01896 1e-05 0  0.08896000000000001 0 0   0.002416311842631913 0.05481027140229155 0  
15 3157  0.01928000000000001 1e-05 0  0.08928000000000001 0 0   0.002416311842631913 0.05481027140229155 0  
15 3157  0.01960000000000001 1e-05 0  0.08960000000000001 0 0   0.002416311842631913 0.05481027140229155 0  
15 3157  0.01992000000000001 1e-05 0  0.08992000000000001 0 0   0.002416311842631913 0.05481027140229155 0  
15 3157  0.02023999999999998 1e-05 0  0.09023999999999999 0 0   0.002416311842631913 0.05481027140229155 0  
15 3098  0.02055999999999998 1e-05 0  0.09055999999999999 0 0   0.004373720738134246 0.06062015478841865 0  
15 3098  0.02087999999999998 1e-05 0  0.09087999999999999 0 0   0.004373720738134246 0.06062015478841865 0  
15 3098  0.02119999999999998 1e-05 0  0.09119999999999999 0 0   0.004373720738134246 0.06062015478841865 0  
15 3098  0.02151999999999998 1e-05 0  0.09151999999999999 0 0   0.004373720738134246 0.06062015478841865 0  
15 3098  0.02183999999999998 1e-05 0  0.09183999999999999 0 0   0.004373720738134246 0.06062015478841865 0  
15 3098  0.02215999999999999 1e-05 0  0.09215999999999999 0 0   0.004373720738134246 0.06062015478841865 0  
15 3098  0.02247999999999999 1e-05 0  0.09247999999999999 0 0   0.004373720738134246 0.06062015478841865 0  
15 3098  0.02279999999999999 1e-05 0  0.09279999999999999 0 0   0.004373720738134246 0.06062015478841865 0  
15 3098  0.02311999999999999 1e-05 0  0.09311999999999999 0 0   0.004373720738134246 0.06062015478841865 0  
15 3098  0.02343999999999999 1e-05 0  0.09344 0 0   0.004373720738134246 0.06062015478841865 0  
15 3098  0.02375999999999999 1e-05 0  0.09376 0 0   0.004373720738134246 0.06062015478841865 0  
15 3098  0.02407999999999999 1e-05 0  0.09408 0 0   0.004373720738134246 0.06062015478841865 0  
15 3105  0.02439999999999999 1e-05 0  0.0944 0 0   0.006422947816904667 0.07142287958011995 0  
15 3105  0.02471999999999999 1e-05 0  0.09472 0 0   0.006422947816904667 0.07142287958011995 0  
15 3105  0.02503999999999999 1e-05 0  0.09504 0 0   0.006422947816904667 0.07142287958011995 0  
15 3105  0.02535999999999999 1e-05 0  0.09536 0 0   0.006422947816904667 0.07142287958011995 0  
15 3105  0.02567999999999999 1e-05 0  0.09568 0 0   0.006422947816904667 0.07142287958011995 0  
15 3105  0.026 1e-05 0  0.096 0 0   0.006422947816904667 0.07142287958011995 0  
15 3105  0.02632 1e-05 0  0.09632 0 0   0.006422947816904667 0.07142287958011995 0  
15 3105  0.02664 1e-05 0  0.09664 0 0   0.006422947816904667 0.07142287958011995 0  
15 3105  0.02696 1e-05 0  0.09696 0 0   0.006422947816904667 0.07142287958011995 0  
15 3105  0.02728 1e-05 0  0.09728000000000001 0 0   0.006422947816904667 0.07142287958011995 0  
15 3105  0.0276 1e-05 0  0.09760000000000001 0 0   0.006422947816904667 0.07142287958011995 0  
15 3105  0.02792 1e-05 0  0.09792000000000001 0 0   0.006422947816904667 0.07142287958011995 0  
15 3289  0.02823999999999999 1e-05 0  0.09823999999999999 0 0   0.01120503690948027 0.09016202415462438 0  
15 3289  0.02855999999999999 1e-05 0  0.09855999999999999 0 0   0.01120503690948027 0.09016202415462438 0  
15 3289  0.02887999999999999 1e-05 0  0.09888 0 0   0.01120503690948027 0.09016202415462438 0  
15 3289  0.02919999999999999 1e-05 0  0.0992 0 0   0.01120503690948027 0.09016202415462438 0  
15 3289  0.02951999999999999 1e-05 0  0.09952 0 0   0.01120503690948027 0.09016202415462438 0  
15 3289  0.02983999999999999 1e-05 0  0.09984 0 0   0.01120503690948027 0.09016202415462438 0  
15 3289  0.03015999999999999 1e-05 0  0.10016 0 0   0.01120503690948027 0.09016202415462438 0  
15 3289  0.03047999999999999 1e-05 0  0.10048 0 0   0.01120503690948027 0.09016202415462438 0  
15 3289  0.03079999999999999 1e-05 0  0.1008 0 0   0.01120503690948027 0.09016202415462438 0  
15 3289  0.03111999999999999 1e-05 0  0.10112 0 0   0.01120503690948027 0.09016202415462438 0  
15 3079  0.03144 1e-05 0  0.10144 0 0   0.02469987774497096 0.1178565438175285 0  
15 3079  0.03176 1e-05 0  0.10176 0 0   0.02469987774497096 0.1178565438175285 0  
15 3079  0.03208 1e-05 0  0.10208 0 0   0.02469987774497096 0.1178565438175285 0  
15 3079  0.0324 1e-05 0  0.1024 0 0   0.02469987774497096 0.1178565438175285 0  
15 3079  0.03272 1e-05 0  0.10272 0 0   0.02469987774497096 0.1178565438175285 0  
15 3079  0.03304 1e-05 0  0.10304 0 0   0.02469987774497096 0.1178565438175285 0  
15 3079  0.03336 1e-05 0  0.10336 0 0   0.02469987774497096 0.1178565438175285 0  
15 3079  0.03368 1e-05 0  0.10368 0 0   0.02469987774497096 0.1178565438175285 0  
15 3079  0.034 1e-05 0  0.104 0 0   0.02469987774497096 0.1178565438175285 0  
15 3079  0.03432 1e-05 0  0.10432 0 0   0.02469987774497096 0.1178565438175285 0  
15 3284  0.03464 1e-05 0  0.10464 0 0   0.04032703221219869 0.1785561693389059 0  
15 3284  0.03496 1e-05 0  0.10496 0 0   0.04032703221219869 0.1785561693389059 0  
15 3284  0.03528000000000001 1e-05 0  0.10528 0 0   0.04032703221219869 0.1785561693389059 0  
15 3284  0.03560000000000001 1e-05 0  0.1056 0 0   0.04032703221219869 0.1785561693389059 0  
15 3284  0.03592000000000001 1e-05 0  0.10592 0 0   0.04032703221219869 0.1785561693389059 0  
15 3284  0.03623999999999999 1e-05 0  0.10624 0 0   0.04032703221219869 0.1785561693389059 0  
15 3284  0.03656 1e-05 0  0.10656 0 0   0.04032703221219869 0.1785561693389059 0  
15 3284  0.03688 1e-05 0  0.10688 0 0   0.04032703221219869 0.1785561693389059 0  
15 3284  0.0372 1e-05 0  0.1072 0 0   0.04032703221219869 0.1785561693389059 0  
15 3200  0.03752 1e-05 0  0.10752 0 0   0.07365839824574394 0.3159282900970615 0  
15 3200  0.03784 1e-05 0  0.10784 0 0   0.07365839824574394 0.3159282900970615 0  
15 3200  0.03816 1e-05 0  0.10816 0 0   0.07365839824574394 0.3159282900970615 0  
15 3200  0.03848 1e-05 0  0.10848 0 0   0.07365839824574394 0.3159282900970615 0  
15 3200  0.0388 1e-05 0  0.1088 0 0   0.07365839824574394 0.3159282900970615 0  
15 3200  0.03912 1e-05 0  0.10912 0 0   0.07365839824574394 0.3159282900970615 0  
15 3200  0.03944 1e-05 0  0.10944 0 0   0.07365839824574394 0.3159282900970615 0  
15 3200  0.03976 1e-05 0  0.10976 0 0   0.07365839824574394 0.3159282900970615 0  
15 2994  0.04007999999999999 1e-05 0  0.11008 0 0   0.05758924723325975 0.4748628049481258 0  
15 2994  0.04039999999999999 1e-05 0  0.1104 0 0   0.05758924723325975 0.4748628049481258 0  
15 2994  0.04071999999999999 1e-05 0  0.11072 0 0   0.05758924723325975 0.4748628049481258 0  
15 2994  0.04103999999999999 1e-05 0  0.11104 0 0   0.05758924723325975 0.4748628049481258 0  
15 2994  0.04135999999999999 1e-05 0  0.11136 0 0   0.05758924723325975 0.4748628049481258 0  
15 2994  0.04167999999999999 1e-05 0  0.11168 0 0   0.05758924723325975 0.4748628049481258 0  
15 2994  0.04199999999999998 1e-05 0  0.112 0 0   0.05758924723325975 0.4748628049481258 0  
15 2994  0.04231999999999998 1e-05 0  0.11232 0 0   0.05758924723325975 0.4748628049481258 0  
15 2992  0.04263999999999998 1e-05 0  0.11264 0 0   0.0004925894166678546 0.5329446416003538 0  
15 2992  0.04295999999999998 1e-05 0  0.11296 0 0   0.0004925894166678546 0.5329446416003538 0  
15 2992  0.04327999999999999 1e-05 0  0.11328 0 0   0.0004925894166678546 0.5329446416003538 0  
15 2992  0.04359999999999999 1e-05 0  0.1136 0 0   0.0004925894166678546 0.5329446416003538 0  
15 2992  0.04391999999999999 1e-05 0  0.11392 0 0   0.0004925894166678546 0.5329446416003538 0  
15 2992  0.04423999999999999 1e-05 0  0.11424 0 0   0.0004925894166678546 0.5329446416003538 0  
15 2992  0.04455999999999999 1e-05 0  0.11456 0 0   0.0004925894166678546 0.5329446416003538 0  
15 2992  0.04487999999999999 1e-05 0  0.11488 0 0   0.0004925894166678546 0.5329446416003538 0  
15 2988  0.04519999999999999 1e-05 0  0.1152 0 0   0.0002905368566086253 0.533727767875396 0  
15 2988  0.04551999999999999 1e-05 0  0.11552 0 0   0.0002905368566086253 0.533727767875396 0  
15 2988  0.04583999999999999 1e-05 0  0.11584 0 0   0.0002905368566086253 0.533727767875396 0  
15 2988  0.04615999999999999 1e-05 0  0.11616 0 0   0.0002905368566086253 0.533727767875396 0  
15 2988  0.04647999999999999 1e-05 0  0.11648 0 0   0.0002905368566086253 0.533727767875396 0  
15 2988  0.04679999999999999 1e-05 0  0.1168 0 0   0.0002905368566086253 0.533727767875396 0  
15 2988  0.04712 1e-05 0  0.11712 0 0   0.0002905368566086253 0.533727767875396 0  
15 2988  0.04744 1e-05 0  0.11744 0 0   0.0002905368566086253 0.533727767875396 0  
15 2983  0.04776 1e-05 0  0.11776 0 0   0.0001604033425088858 0.5341787080758174 0  
15 2983  0.04808 1e-05 0  0.11808 0 0   0.0001604033425088858 0.5341787080758174 0  
15 2983  0.0484 1e-05 0  0.1184 0 0   0.0001604033425088858 0.5341787080758174 0  
15 2983  0.04872 1e-05 0  0.11872 0 0   0.0001604033425088858 0.5341787080758174 0  
15 2983  0.04904 1e-05 0  0.11904 0 0   0.0001604033425088858 0.5341787080758174 0  
15 2983  0.04936 1e-05 0  0.11936 0 0   0.0001604033425088858 0.5341787080758174 0  
15 2983  0.04968 1e-05 0  0.11968 0 0   0.0001604033425088858 0.5341787080758174 0  
15 3022  0.04999999999999999 1e-05 0  0.12 0 0   0.0001126929869332827 0.5344518044058937 0  
15 2986  0.05031999999999999 1e-05 0  0.12032 0 0   7.975933913506594e-05 0.5344188707581869 0  
15 2986  0.05063999999999999 1e-05 0  0.12064 0 0   7.975933913506594e-05 0.5344188707581869 0  
15 2986  0.05095999999999999 1e-05 0  0.12096 0 0   7.975933913506594e-05 0.5344188707581869 0  
15 2986  0.05127999999999999 1e-05 0  0.12128 0 0   7.975933913506594e-05 0.5344188707581869 0  
15 2986  0.05159999999999999 1e-05 0  0.1216 0 0   7.975933913506594e-05 0.5344188707581869 0  
15 2986  0.05191999999999999 1e-05 0  0.12192 0 0   7.975933913506594e-05 0.5344188707581869 0  
15 2986  0.05223999999999999 1e-05 0  0.12224 0 0   7.975933913506594e-05 0.5344188707581869 0  
15 2990  0.05256 1e-05 0  0.12256 0 0   2.07717454792089e-06 0.5345007072720511 0  
15 2990  0.05288 1e-05 0  0.12288 0 0   2.07717454792089e-06 0.5345007072720511 0  
15 2990  0.0532 1e-05 0  0.1232 0 0   2.07717454792089e-06 0.5345007072720511 0  
15 2990  0.05352 1e-05 0  0.12352 0 0   2.07717454792089e-06 0.5345007072720511 0  
15 2990  0.05384 1e-05 0  0.12384 0 0   2.07717454792089e-06 0.5345007072720511 0  
15 2990  0.05416 1e-05 0  0.12416 0 0   2.07717454792089e-06 0.5345007072720511 0  
15 2990  0.05448 1e-05 0  0.12448 0 0   2.07717454792089e-06 0.5345007072720511 0  
15 2990  0.0548 1e-05 0  0.1248 0 0   2.07717454792089e-06 0.5345007072720511 0  
15 3007  0.05512 1e-05 0  0.12512 0 0   -7.587222114047165e-05 0.5344269122254524 0  
15 3007  0.05543999999999999 1e-05 0  0.12544 0 0   -7.587222114047165e-05 0.5344269122254524 0  
15 3007  0.05576 1e-05 0  0.12576 0 0   -7.587222114047165e-05 0.5344269122254524 0  
15 3007  0.05607999999999999 1e-05 0  0.12608 0 0   -7.587222114047165e-05 0.5344269122254524 0  
15 3007  0.05640000000000001 1e-05 0  0.1264 0 0   -7.587222114047165e-05 0.5344269122254524 0  
15 3007  0.05671999999999999 1e-05 0  0.12672 0 0   -7.587222114047165e-05 0.5344269122254524 0  
15 3007  0.05704000000000001 1e-05 0  0.12704 0 0   -7.587222114047165e-05 0.5344269122254524 0  
15 3007  0.05735999999999999 1e-05 0  0.12736 0 0   -7.587222114047165e-05 0.5344269122254524 0  
15 3013  0.05768000000000001 1e-05 0  0.12768 0 0   -0.0001436737969662261 0.5342073662073417 0  
15 3013  0.058 1e-05 0  0.128 0 0   -0.0001436737969662261 0.5342073662073417 0  
15 3013  0.05832000000000001 1e-05 0  0.12832 0 0   -0.0001436737969662261 0.5342073662073417 0  
15 3013  0.05864 1e-05 0  0.12864 0 0   -0.0001436737969662261 0.5342073662073417 0  
15 3013  0.05896000000000001 1e-05 0  0.12896 0 0   -0.0001436737969662261 0.5342073662073417 0  
15 3013  0.05928 1e-05 0  0.12928 0 0   -0.0001436737969662261 0.5342073662073417 0  
15 3013  0.05960000000000001 1e-05 0  0.1296 0 0   -0.0001436737969662261 0.5342073662073417 0  
15 3013  0.05992 1e-05 0  0.12992 0 0   -0.0001436737969662261 0.5342073662073417 0  
15 3026  0.06023999999999999 1e-05 0  0.13024 0 0   -0.0002167856893136033 0.5338469067210805 0  
15 3026  0.06055999999999997 1e-05 0  0.13056 0 0   -0.0002167856893136033 0.5338469067210805 0  
15 3026  0.06087999999999999 1e-05 0  0.13088 0 0   -0.0002167856893136033 0.5338469067210805 0  
15 3026  0.06119999999999998 1e-05 0  0.1312 0 0   -0.0002167856893136033 0.5338469067210805 0  
15 3026  0.06151999999999999 1e-05 0  0.13152 0 0   -0.0002167856893136033 0.5338469067210805 0  
15 3026  0.06183999999999998 1e-05 0  0.13184 0 0   -0.0002167856893136033 0.5338469067210805 0  
15 3026  0.06215999999999999 1e-05 0  0.13216 0 0   -0.0002167856893136033 0.5338469067210805 0  
15 3026  0.06247999999999998 1e-05 0  0.13248 0 0   -0.0002167856893136033 0.5338469067210805 0  
15 2998  0.06279999999999999 1e-05 0  0.1328 0 0   -0.0003089507771925071 0.533321170254569 0  
15 2998  0.06311999999999998 1e-05 0  0.13312 0 0   -0.0003089507771925071 0.533321170254569 0  
15 2998  0.06344 1e-05 0  0.13344 0 0   -0.0003089507771925071 0.533321170254569 0  
15 2998  0.06375999999999998 1e-05 0  0.13376 0 0   -0.0003089507771925071 0.533321170254569 0  
15 2998  0.06408 1e-05 0  0.13408 0 0   -0.0003089507771925071 0.533321170254569 0  
15 2998  0.06439999999999999 1e-05 0  0.1344 0 0   -0.0003089507771925071 0.533321170254569 0  
15 2998  0.06472 1e-05 0  0.13472 0 0   -0.0003089507771925071 0.533321170254569 0  
15 3005  0.06503999999999999 1e-05 0  0.13504 0 0   -0.000512776955206462 0.5324994425221292 0  
15 3005  0.06536 1e-05 0  0.13536 0 0   -0.000512776955206462 0.5324994425221292 0  
15 3005  0.06567999999999999 1e-05 0  0.13568 0 0   -0.000512776955206462 0.5324994425221292 0  
15 3005  0.066 1e-05 0  0.136 0 0   -0.000512776955206462 0.5324994425221292 0  
15 3005  0.06631999999999999 1e-05 0  0.13632 0 0   -0.000512776955206462 0.5324994425221292 0  
15 3005  0.06664 1e-05 0  0.13664 0 0   -0.000512776955206462 0.5324994425221292 0  
15 3005  0.06695999999999999 1e-05 0  0.13696 0 0   -0.000512776955206462 0.5324994425221292 0  
15 3005  0.06728000000000001 1e-05 0  0.13728 0 0   -0.000512776955206462 0.5324994425221292 0  
15 3029  0.06759999999999999 1e-05 0  0.1376 0 0   -0.06380531271512879 0.4681813528518306 0  
15 3029  0.06792000000000001 1e-05 0  0.13792 0 0   -0.06380531271512879 0.4681813528518306 0  
15 3029  0.06824 1e-05 0  0.13824 0 0   -0.06380531271512879 0.4681813528518306 0  
15 3029  0.06855999999999998 1e-05 0  0.13856 0 0   -0.06380531271512879 0.4681813528518306 0  
15 3029  0.06888 1e-05 0  0.13888 0 0   -0.06380531271512879 0.4681813528518306 0  
15 3029  0.06919999999999998 1e-05 0  0.1392 0 0   -0.06380531271512879 0.4681813528518306 0  
15 3029  0.06952 1e-05 0  0.13952 0 0   -0.06380531271512879 0.4681813528518306 0  
15 3029  0.06983999999999999 1e-05 0  0.13984 0 0   -0.06380531271512879 0.4681813528518306 0  
15 1979  0.07016 1e-05 0  0.14016 0 0   -0.06826823271477434 0.3072664603454245 0  
15 1979  0.07047999999999999 1e-05 0  0.14048 0 0   -0.06826823271477434 0.3072664603454245 0  
15 1979  0.0708 1e-05 0  0.1408 0 0   -0.06826823271477434 0.3072664603454245 0  
15 1979  0.07111999999999999 1e-05 0  0.14112 0 0   -0.06826823271477434 0.3072664603454245 0  
15 1979  0.07144 1e-05 0  0.14144 0 0   -0.06826823271477434 0.3072664603454245 0  
15 1979  0.07175999999999999 1e-05 0  0.14176 0 0   -0.06826823271477434 0.3072664603454245 0  
15 1979  0.07208000000000001 1e-05 0  0.14208 0 0   -0.06826823271477434 0.3072664603454245 0  
15 1979  0.07239999999999999 1e-05 0  0.1424 0 0   -0.06826823271477434 0.3072664603454245 0  
15 1999  0.07272000000000001 1e-05 0  0.14272 0 0   -0.03779122366980436 0.1714640589085936 0  
15 1999  0.07303999999999999 1e-05 0  0.14304 0 0   -0.03779122366980436 0.1714640589085936 0  
15 1999  0.07336000000000001 1e-05 0  0.14336 0 0   -0.03779122366980436 0.1714640589085936 0  
15 1999  0.07368 1e-05 0  0.14368 0 0   -0.03779122366980436 0.1714640589085936 0  
15 1999  0.07400000000000001 1e-05 0  0.144 0 0   -0.03779122366980436 0.1714640589085936 0  
15 1999  0.07432 1e-05 0  0.14432 0 0   -0.03779122366980436 0.1714640589085936 0  
15 1999  0.07464000000000001 1e-05 0  0.14464 0 0   -0.03779122366980436 0.1714640589085936 0  
15 1999  0.07496 1e-05 0  0.14496 0 0   -0.03779122366980436 0.1714640589085936 0  
15 1999  0.07528000000000001 1e-05 0  0.14528 0 0   -0.03779122366980436 0.1714640589085936 0  
15 1999  0.0756 1e-05 0  0.1456 0 0   -0.03779122366980436 0.1714640589085936 0  
15 1643  0.07592000000000002 1e-05 0  0.14592 0 0   -0.0252637527730295 0.1101929230933765 0  
15 1643  0.07624 1e-05 0  0.14624 0 0   -0.0252637527730295 0.1101929230933765 0  
15 1643  0.07655999999999999 1e-05 0  0.14656 0 0   -0.0252637527730295 0.1101929230933765 0  
15 1643  0.07688 1e-05 0  0.14688 0 0   -0.0252637527730295 0.1101929230933765 0  
15 1643  0.07719999999999999 1e-05 0  0.1472 0 0   -0.0252637527730295 0.1101929230933765 0  
15 1643  0.07752000000000001 1e-05 0  0.14752 0 0   -0.0252637527730295 0.1101929230933765 0  
15 1643  0.07783999999999999 1e-05 0  0.14784 0 0   -0.0252637527730295 0.1101929230933765 0  
15 1643  0.07816000000000001 1e-05 0  0.14816 0 0   -0.0252637527730295 0.1101929230933765 0  
15 1643  0.07847999999999999 1e-05 0  0.14848 0 0   -0.0252637527730295 0.1101929230933765 0  
15 1643  0.07880000000000001 1e-05 0  0.1488 0 0   -0.0252637527730295 0.1101929230933765 0  
15 2011  0.07912 1e-05 0  0.14912 0 0   -0.01308733561533471 0.07827869412997823 0  
15 2011  0.07944000000000001 1e-05 0  0.14944 0 0   -0.01308733561533471 0.07827869412997823 0  
15 2011  0.07976 1e-05 0  0.14976 0 0   -0.01308733561533471 0.07827869412997823 0  
15 2011  0.08007999999999998 1e-05 0  0.15008 0 0   -0.01308733561533471 0.07827869412997823 0  
15 2011  0.0804 1e-05 0  0.1504 0 0   -0.01308733561533471 0.07827869412997823 0  
15 2011  0.08071999999999999 1e-05 0  0.15072 0 0   -0.01308733561533471 0.07827869412997823 0  
15 2011  0.08104 1e-05 0  0.15104 0 0   -0.01308733561533471 0.07827869412997823 0  
15 2011  0.08135999999999999 1e-05 0  0.15136 0 0   -0.01308733561533471 0.07827869412997823 0  
15 2011  0.08168 1e-05 0  0.15168 0 0   -0.01308733561533471 0.07827869412997823 0  
15 2011  0.08199999999999999 1e-05 0  0.152 0 0   -0.01308733561533471 0.07827869412997823 0  
15 2011  0.08231999999999998 1e-05 0  0.15232 0 0   -0.01308733561533471 0.07827869412997823 0  
15 2011  0.08263999999999999 1e-05 0  0.15264 0 0   -0.01308733561533471 0.07827869412997823 0  
15 1967  0.08295999999999998 1e-05 0  0.15296 0 0   -0.007661194768822321 0.05688937410390926 0  
15 1967  0.08327999999999999 1e-05 0  0.15328 0 0   -0.007661194768822321 0.05688937410390926 0  
15 1967  0.08359999999999998 1e-05 0  0.1536 0 0   -0.007661194768822321 0.05688937410390926 0  
15 1967  0.08391999999999999 1e-05 0  0.15392 0 0   -0.007661194768822321 0.05688937410390926 0  
15 1967  0.08423999999999998 1e-05 0  0.15424 0 0   -0.007661194768822321 0.05688937410390926 0  
15 1967  0.08456 1e-05 0  0.15456 0 0   -0.007661194768822321 0.05688937410390926 0  
15 1967  0.08487999999999998 1e-05 0  0.15488 0 0   -0.007661194768822321 0.05688937410390926 0  
15 1967  0.0852 1e-05 0  0.1552 0 0   -0.007661194768822321 0.05688937410390926 0  
15 1967  0.08551999999999998 1e-05 0  0.15552 0 0   -0.007661194768822321 0.05688937410390926 0  
15 1967  0.08584 1e-05 0  0.15584 0 0   -0.007661194768822321 0.05688937410390926 0  
15 1967  0.08615999999999999 1e-05 0  0.15616 0 0   -0.007661194768822321 0.05688937410390926 0  
15 1967  0.08648 1e-05 0  0.15648 0 0   -0.007661194768822321 0.05688937410390926 0  
15 1967  0.08679999999999999 1e-05 0  0.1568 0 0   -0.007661194768822321 0.05688937410390926 0  
15 1967  0.08712 1e-05 0  0.15712 0 0   -0.007661194768822321 0.05688937410390926 0  
15 1358  0.08743999999999999 1e-05 0  0.15744 0 0   -0.006205133737895219 0.0434740580803642 0  
15 1358  0.08776 1e-05 0  0.15776 0 0   -0.006205133737895219 0.0434740580803642 0  
15 1358  0.08807999999999999 1e-05 0  0.15808 0 0   -0.006205133737895219 0.0434740580803642 0  
15 1358  0.08840000000000001 1e-05 0  0.1584 0 0   -0.006205133737895219 0.0434740580803642 0  
15 1358  0.08871999999999999 1e-05 0  0.15872 0 0   -0.006205133737895219 0.0434740580803642 0  
15 1358  0.08904000000000001 1e-05 0  0.15904 0 0   -0.006205133737895219 0.0434740580803642 0  
15 1358  0.08935999999999999 1e-05 0  0.15936 0 0   -0.006205133737895219 0.0434740580803642 0  
15 1358  0.08968000000000001 1e-05 0  0.15968 0 0   -0.006205133737895219 0.0434740580803642 0  
15 1358  0.09 1e-05 0  0.16 0 0   -0.006205133737895219 0.0434740580803642 0  
